0 locator locator1 -6.888638245203862e-17,0.1875,0.5625 0,0
1 locator locator1 -6.582476545417023e-17,0.1875,0.5375 0,0
2 locator locator1 -6.276314845630184e-17,0.1875,0.5125 0,0
3 locator locator1 -5.970153145843347e-17,0.1875,0.4875 0,0
4 locator locator1 -5.663991446056509e-17,0.1875,0.4625 0,0
5 locator locator1 -5.35782974626967e-17,0.1875,0.4375 0,0
6 locator locator1 -5.051668046482832e-17,0.1875,0.4125 0,0
7 locator locator1 -4.7455063466959936e-17,0.1875,0.3875 0,0
8 locator locator1 -4.4393446469091554e-17,0.1875,0.3625 0,0
9 locator locator1 -4.133182947122317e-17,0.1875,0.3375 0,0
10 locator locator1 -3.827021247335479e-17,0.1875,0.3125 0,0
11 locator locator1 -3.52085954754864e-17,0.1875,0.2875 0,0
12 locator locator1 -3.2146978477618024e-17,0.1875,0.2625 0,0
13 locator locator1 -2.9085361479749636e-17,0.1875,0.2375 0,0
14 locator locator1 -2.602374448188126e-17,0.1875,0.21250000000000002 0,0
15 locator locator1 -2.296212748401287e-17,0.1875,0.1875 0,0
16 locator locator1 -1.9900510486144486e-17,0.1875,0.16249999999999998 0,0
17 locator locator1 -1.683889348827611e-17,0.1875,0.1375 0,0
18 locator locator1 -1.3777276490407722e-17,0.1875,0.11249999999999999 0,0
19 locator locator1 -1.0715659492539343e-17,0.1875,0.08750000000000002 0,0
20 locator locator1 -7.654042494670958e-18,0.1875,0.0625 0,0
