0 bone menu -1,0,0,0,0,1,0,0.25,0,0,-1,0,0,0,0,1
0 item_display item_test -1,0,0,0,0,1,0,0,0,0,-1,0,0,0,0,1
0 block_display block_test -1,0,0,0,0,1,0,0,0,0,-1,0,0,0,0,1
0 text_display text_test 1,0,0,0,0,1,0,0,0,0,1,0,0,0,0,1
0 bone center -1,0,0,0,0,1,0,0,0,0,-1,0,0,0,0,1
0 locator locator1 0,0.1875,0 0,0
0 locator locator2 0,0.125,0 0,0
0 locator locator3 0,0.0625,0 0,0
1 bone menu -1,0,0,0.0477,0,1,0,0.25,0,0,-1,0.0477,0,0,0,1
1 item_display item_test -1,0,0,0,0,1,0,0,0,0,-1,0.0477,0,0,0,1
1 block_display block_test -1,0,0,0,0,1,0,0,0,0,-1,0.0477,0,0,0,1
1 text_display text_test 1,0,0,0,0,1,0,0,0,0,1,0.0477,0,0,0,1
1 bone center -1,0,0,0,0,1,0,0,0,0,-1,0.0477,0,0,0,1
1 locator locator1 -5.840034423433946e-18,0.1875,0.04768750000000004 0,0
1 locator locator2 -5.840034423433946e-18,0.125,0.04768750000000004 0,0
1 locator locator3 -5.840034423433946e-18,0.0625,0.04768750000000004 0,0
2 bone menu -1,0,0,0.1015,0,1,0,0.25,0,0,-1,0.1015,0,0,0,1
2 item_display item_test -1,0,0,0,0,1,0,0,0,0,-1,0.1015,0,0,0,1
2 block_display block_test -1,0,0,0,0,1,0,0,0,0,-1,0.1015,0,0,0,1
2 text_display text_test 1,0,0,0,0,1,0,0,0,0,1,0.1015,0,0,0,1
2 bone center -1,0,0,0,0,1,0,0,0,0,-1,0.1015,0,0,0,1
2 locator locator1 -1.2430165011345632e-17,0.1875,0.10149999999999998 0,0
2 locator locator2 -1.2430165011345632e-17,0.125,0.10149999999999998 0,0
2 locator locator3 -1.2430165011345632e-17,0.0625,0.10149999999999998 0,0
3 bone menu -1,0,0,0.1588,0,1,0,0.25,0,0,-1,0.1588,0,0,0,1
3 item_display item_test -1,0,0,0,0,1,0,0,0,0,-1,0.1588,0,0,0,1
3 block_display block_test -1,0,0,0,0,1,0,0,0,0,-1,0.1588,0,0,0,1
3 text_display text_test 1,0,0,0,0,1,0,0,0,0,1,0.1588,0,0,0,1
3 bone center -1,0,0,0,0,1,0,0,0,0,-1,0.1588,0,0,0,1
3 locator locator1 -1.9448921978958907e-17,0.1875,0.15881250000000002 0,0
3 locator locator2 -1.9448921978958907e-17,0.125,0.15881250000000002 0,0
3 locator locator3 -1.9448921978958907e-17,0.0625,0.15881250000000002 0,0
4 bone menu -1,0,0,0.217,0,1,0,0.25,0,0,-1,0.217,0,0,0,1
4 item_display item_test -1,0,0,0,0,1,0,0,0,0,-1,0.217,0,0,0,1
4 block_display block_test -1,0,0,0,0,1,0,0,0,0,-1,0.217,0,0,0,1
4 text_display text_test 1,0,0,0,0,1,0,0,0,0,1,0.217,0,0,0,1
4 bone center -1,0,0,0,0,1,0,0,0,0,-1,0.217,0,0,0,1
4 locator locator1 -2.6574835541497558e-17,0.1875,0.21699999999999994 0,0
4 locator locator2 -2.6574835541497558e-17,0.125,0.21699999999999994 0,0
4 locator locator3 -2.6574835541497558e-17,0.0625,0.21699999999999994 0,0
5 bone menu -1,0,0,0.2734,0,1,0,0.25,0,0,-1,0.2734,0,0,0,1
5 item_display item_test -1,0,0,0,0,1,0,0,0,0,-1,0.2734,0,0,0,1
5 block_display block_test -1,0,0,0,0,1,0,0,0,0,-1,0.2734,0,0,0,1
5 text_display text_test 1,0,0,0,0,1,0,0,0,0,1,0.2734,0,0,0,1
5 bone center -1,0,0,0,0,1,0,0,0,0,-1,0.2734,0,0,0,1
5 locator locator1 -3.348643591418544e-17,0.1875,0.2734375 0,0
5 locator locator2 -3.348643591418544e-17,0.125,0.2734375 0,0
5 locator locator3 -3.348643591418544e-17,0.0625,0.2734375 0,0
6 bone menu -1,0,0,0.3255,0,1,0,0.25,0,0,-1,0.3255,0,0,0,1
6 item_display item_test -1,0,0,0,0,1,0,0,0,0,-1,0.3255,0,0,0,1
6 block_display block_test -1,0,0,0,0,1,0,0,0,0,-1,0.3255,0,0,0,1
6 text_display text_test 1,0,0,0,0,1,0,0,0,0,1,0.3255,0,0,0,1
6 bone center -1,0,0,0,0,1,0,0,0,0,-1,0.3255,0,0,0,1
6 locator locator1 -3.986225331224636e-17,0.1875,0.32550000000000007 0,0
6 locator locator2 -3.986225331224636e-17,0.125,0.32550000000000007 0,0
6 locator locator3 -3.986225331224636e-17,0.0625,0.32550000000000007 0,0
7 bone menu -1,0,0,0.3706,0,1,0,0.25,0,0,-1,0.3706,0,0,0,1
7 item_display item_test -1,0,0,0,0,1,0,0,0,0,-1,0.3706,0,0,0,1
7 block_display block_test -1,0,0,0,0,1,0,0,0,0,-1,0.3706,0,0,0,1
7 text_display text_test 1,0,0,0,0,1,0,0,0,0,1,0.3706,0,0,0,1
7 bone center -1,0,0,0,0,1,0,0,0,0,-1,0.3706,0,0,0,1
7 locator locator1 -4.538081795090411e-17,0.1875,0.3705625 0,0
7 locator locator2 -4.538081795090411e-17,0.125,0.3705625 0,0
7 locator locator3 -4.538081795090411e-17,0.0625,0.3705625 0,0
8 bone menu -1,0,0,0.406,0,1,0,0.25,0,0,-1,0.406,0,0,0,1
8 item_display item_test -1,0,0,0,0,1,0,0,0,0,-1,0.406,0,0,0,1
8 block_display block_test -1,0,0,0,0,1,0,0,0,0,-1,0.406,0,0,0,1
8 text_display text_test 1,0,0,0,0,1,0,0,0,0,1,0.406,0,0,0,1
8 bone center -1,0,0,0,0,1,0,0,0,0,-1,0.406,0,0,0,1
8 locator locator1 -4.972066004538253e-17,0.1875,0.4059999999999999 0,0
8 locator locator2 -4.972066004538253e-17,0.125,0.4059999999999999 0,0
8 locator locator3 -4.972066004538253e-17,0.0625,0.4059999999999999 0,0
9 bone menu -1,0,0,0.4292,0,1,0,0.25,0,0,-1,0.4292,0,0,0,1
9 item_display item_test -1,0,0,0,0,1,0,0,0,0,-1,0.4292,0,0,0,1
9 block_display block_test -1,0,0,0,0,1,0,0,0,0,-1,0.4292,0,0,0,1
9 text_display text_test 1,0,0,0,0,1,0,0,0,0,1,0.4292,0,0,0,1
9 bone center -1,0,0,0,0,1,0,0,0,0,-1,0.4292,0,0,0,1
9 locator locator1 -5.2560309810905465e-17,0.1875,0.4291875 0,0
9 locator locator2 -5.2560309810905465e-17,0.125,0.4291875 0,0
9 locator locator3 -5.2560309810905465e-17,0.0625,0.4291875 0,0
10 bone menu -1,0,0,0.4375,0,1,0,0.25,0,0,-1,0.4375,0,0,0,1
10 item_display item_test -1,0,0,0,0,1,0,0,0,0,-1,0.4375,0,0,0,1
10 block_display block_test -1,0,0,0,0,1,0,0,0,0,-1,0.4375,0,0,0,1
10 text_display text_test 1,0,0,0,0,1,0,0,0,0,1,0.4375,0,0,0,1
10 bone center -1,0,0,0,0,1,0,0,0,0,-1,0.4375,0,0,0,1
10 locator locator1 -5.35782974626967e-17,0.1875,0.4375 0,0
10 locator locator2 -5.35782974626967e-17,0.125,0.4375 0,0
10 locator locator3 -5.35782974626967e-17,0.0625,0.4375 0,0
11 bone menu -1,0,0,0.4292,0,1,0,0.25,0,0,-1,0.4292,0,0,0,1
11 item_display item_test -1,0,0,0,0,1,0,0,0,0,-1,0.4292,0,0,0,1
11 block_display block_test -1,0,0,0,0,1,0,0,0,0,-1,0.4292,0,0,0,1
11 text_display text_test 1,0,0,0,0,1,0,0,0,0,1,0.4292,0,0,0,1
11 bone center -1,0,0,0,0,1,0,0,0,0,-1,0.4292,0,0,0,1
11 locator locator1 -5.2560309810905465e-17,0.1875,0.4291875 0,0
11 locator locator2 -5.2560309810905465e-17,0.125,0.4291875 0,0
11 locator locator3 -5.2560309810905465e-17,0.0625,0.4291875 0,0
12 bone menu -1,0,0,0.406,0,1,0,0.25,0,0,-1,0.406,0,0,0,1
12 item_display item_test -1,0,0,0,0,1,0,0,0,0,-1,0.406,0,0,0,1
12 block_display block_test -1,0,0,0,0,1,0,0,0,0,-1,0.406,0,0,0,1
12 text_display text_test 1,0,0,0,0,1,0,0,0,0,1,0.406,0,0,0,1
12 bone center -1,0,0,0,0,1,0,0,0,0,-1,0.406,0,0,0,1
12 locator locator1 -4.972066004538254e-17,0.1875,0.406 0,0
12 locator locator2 -4.972066004538254e-17,0.125,0.406 0,0
12 locator locator3 -4.972066004538254e-17,0.0625,0.406 0,0
13 bone menu -1,0,0,0.3706,0,1,0,0.25,0,0,-1,0.3706,0,0,0,1
13 item_display item_test -1,0,0,0,0,1,0,0,0,0,-1,0.3706,0,0,0,1
13 block_display block_test -1,0,0,0,0,1,0,0,0,0,-1,0.3706,0,0,0,1
13 text_display text_test 1,0,0,0,0,1,0,0,0,0,1,0.3706,0,0,0,1
13 bone center -1,0,0,0,0,1,0,0,0,0,-1,0.3706,0,0,0,1
13 locator locator1 -4.538081795090411e-17,0.1875,0.3705625 0,0
13 locator locator2 -4.538081795090411e-17,0.125,0.3705625 0,0
13 locator locator3 -4.538081795090411e-17,0.0625,0.3705625 0,0
14 bone menu -1,0,0,0.3255,0,1,0,0.25,0,0,-1,0.3255,0,0,0,1
14 item_display item_test -1,0,0,0,0,1,0,0,0,0,-1,0.3255,0,0,0,1
14 block_display block_test -1,0,0,0,0,1,0,0,0,0,-1,0.3255,0,0,0,1
14 text_display text_test 1,0,0,0,0,1,0,0,0,0,1,0.3255,0,0,0,1
14 bone center -1,0,0,0,0,1,0,0,0,0,-1,0.3255,0,0,0,1
14 locator locator1 -3.986225331224636e-17,0.1875,0.32550000000000007 0,0
14 locator locator2 -3.986225331224636e-17,0.125,0.32550000000000007 0,0
14 locator locator3 -3.986225331224636e-17,0.0625,0.32550000000000007 0,0
15 bone menu -1,0,0,0.2734,0,1,0,0.25,0,0,-1,0.2734,0,0,0,1
15 item_display item_test -1,0,0,0,0,1,0,0,0,0,-1,0.2734,0,0,0,1
15 block_display block_test -1,0,0,0,0,1,0,0,0,0,-1,0.2734,0,0,0,1
15 text_display text_test 1,0,0,0,0,1,0,0,0,0,1,0.2734,0,0,0,1
15 bone center -1,0,0,0,0,1,0,0,0,0,-1,0.2734,0,0,0,1
15 locator locator1 -3.348643591418544e-17,0.1875,0.2734375 0,0
15 locator locator2 -3.348643591418544e-17,0.125,0.2734375 0,0
15 locator locator3 -3.348643591418544e-17,0.0625,0.2734375 0,0
16 bone menu -1,0,0,0.217,0,1,0,0.25,0,0,-1,0.217,0,0,0,1
16 item_display item_test -1,0,0,0,0,1,0,0,0,0,-1,0.217,0,0,0,1
16 block_display block_test -1,0,0,0,0,1,0,0,0,0,-1,0.217,0,0,0,1
16 text_display text_test 1,0,0,0,0,1,0,0,0,0,1,0.217,0,0,0,1
16 bone center -1,0,0,0,0,1,0,0,0,0,-1,0.217,0,0,0,1
16 locator locator1 -2.657483554149756e-17,0.1875,0.21699999999999997 0,0
16 locator locator2 -2.657483554149756e-17,0.125,0.21699999999999997 0,0
16 locator locator3 -2.657483554149756e-17,0.0625,0.21699999999999997 0,0
17 bone menu -1,0,0,0.1588,0,1,0,0.25,0,0,-1,0.1588,0,0,0,1
17 item_display item_test -1,0,0,0,0,1,0,0,0,0,-1,0.1588,0,0,0,1
17 block_display block_test -1,0,0,0,0,1,0,0,0,0,-1,0.1588,0,0,0,1
17 text_display text_test 1,0,0,0,0,1,0,0,0,0,1,0.1588,0,0,0,1
17 bone center -1,0,0,0,0,1,0,0,0,0,-1,0.1588,0,0,0,1
17 locator locator1 -1.9448921978958907e-17,0.1875,0.15881250000000002 0,0
17 locator locator2 -1.9448921978958907e-17,0.125,0.15881250000000002 0,0
17 locator locator3 -1.9448921978958907e-17,0.0625,0.15881250000000002 0,0
18 bone menu -1,0,0,0.1015,0,1,0,0.25,0,0,-1,0.1015,0,0,0,1
18 item_display item_test -1,0,0,0,0,1,0,0,0,0,-1,0.1015,0,0,0,1
18 block_display block_test -1,0,0,0,0,1,0,0,0,0,-1,0.1015,0,0,0,1
18 text_display text_test 1,0,0,0,0,1,0,0,0,0,1,0.1015,0,0,0,1
18 bone center -1,0,0,0,0,1,0,0,0,0,-1,0.1015,0,0,0,1
18 locator locator1 -1.2430165011345652e-17,0.1875,0.10150000000000015 0,0
18 locator locator2 -1.2430165011345652e-17,0.125,0.10150000000000015 0,0
18 locator locator3 -1.2430165011345652e-17,0.0625,0.10150000000000015 0,0
19 bone menu -1,0,0,0.0477,0,1,0,0.25,0,0,-1,0.0477,0,0,0,1
19 item_display item_test -1,0,0,0,0,1,0,0,0,0,-1,0.0477,0,0,0,1
19 block_display block_test -1,0,0,0,0,1,0,0,0,0,-1,0.0477,0,0,0,1
19 text_display text_test 1,0,0,0,0,1,0,0,0,0,1,0.0477,0,0,0,1
19 bone center -1,0,0,0,0,1,0,0,0,0,-1,0.0477,0,0,0,1
19 locator locator1 -5.84003442343394e-18,0.1875,0.047687499999999994 0,0
19 locator locator2 -5.84003442343394e-18,0.125,0.047687499999999994 0,0
19 locator locator3 -5.84003442343394e-18,0.0625,0.047687499999999994 0,0
20 bone menu -1,0,0,0,0,1,0,0.25,0,0,-1,0,0,0,0,1
20 item_display item_test -1,0,0,0,0,1,0,0,0,0,-1,0,0,0,0,1
20 block_display block_test -1,0,0,0,0,1,0,0,0,0,-1,0,0,0,0,1
20 text_display text_test 1,0,0,0,0,1,0,0,0,0,1,0,0,0,0,1
20 bone center -1,0,0,0,0,1,0,0,0,0,-1,0,0,0,0,1
20 locator locator1 0,0.1875,0 0,0
20 locator locator2 0,0.125,0 0,0
20 locator locator3 0,0.0625,0 0,0
21 bone menu -1,0,0,-0.0477,0,1,0,0.25,0,0,-1,-0.0477,0,0,0,1
21 item_display item_test -1,0,0,0,0,1,0,0,0,0,-1,-0.0477,0,0,0,1
21 block_display block_test -1,0,0,0,0,1,0,0,0,0,-1,-0.0477,0,0,0,1
21 text_display text_test 1,0,0,0,0,1,0,0,0,0,1,-0.0477,0,0,0,1
21 bone center -1,0,0,0,0,1,0,0,0,0,-1,-0.0477,0,0,0,1
21 locator locator1 5.840034423433946e-18,0.1875,-0.04768750000000004 0,0
21 locator locator2 5.840034423433946e-18,0.125,-0.04768750000000004 0,0
21 locator locator3 5.840034423433946e-18,0.0625,-0.04768750000000004 0,0
22 bone menu -1,0,0,-0.1015,0,1,0,0.25,0,0,-1,-0.1015,0,0,0,1
22 item_display item_test -1,0,0,0,0,1,0,0,0,0,-1,-0.1015,0,0,0,1
22 block_display block_test -1,0,0,0,0,1,0,0,0,0,-1,-0.1015,0,0,0,1
22 text_display text_test 1,0,0,0,0,1,0,0,0,0,1,-0.1015,0,0,0,1
22 bone center -1,0,0,0,0,1,0,0,0,0,-1,-0.1015,0,0,0,1
22 locator locator1 1.2430165011345646e-17,0.1875,-0.10150000000000009 0,0
22 locator locator2 1.2430165011345646e-17,0.125,-0.10150000000000009 0,0
22 locator locator3 1.2430165011345646e-17,0.0625,-0.10150000000000009 0,0
23 bone menu -1,0,0,-0.1588,0,1,0,0.25,0,0,-1,-0.1588,0,0,0,1
23 item_display item_test -1,0,0,0,0,1,0,0,0,0,-1,-0.1588,0,0,0,1
23 block_display block_test -1,0,0,0,0,1,0,0,0,0,-1,-0.1588,0,0,0,1
23 text_display text_test 1,0,0,0,0,1,0,0,0,0,1,-0.1588,0,0,0,1
23 bone center -1,0,0,0,0,1,0,0,0,0,-1,-0.1588,0,0,0,1
23 locator locator1 1.9448921978958892e-17,0.1875,-0.1588124999999999 0,0
23 locator locator2 1.9448921978958892e-17,0.125,-0.1588124999999999 0,0
23 locator locator3 1.9448921978958892e-17,0.0625,-0.1588124999999999 0,0
24 bone menu -1,0,0,-0.217,0,1,0,0.25,0,0,-1,-0.217,0,0,0,1
24 item_display item_test -1,0,0,0,0,1,0,0,0,0,-1,-0.217,0,0,0,1
24 block_display block_test -1,0,0,0,0,1,0,0,0,0,-1,-0.217,0,0,0,1
24 text_display text_test 1,0,0,0,0,1,0,0,0,0,1,-0.217,0,0,0,1
24 bone center -1,0,0,0,0,1,0,0,0,0,-1,-0.217,0,0,0,1
24 locator locator1 2.6574835541497558e-17,0.1875,-0.21699999999999994 0,0
24 locator locator2 2.6574835541497558e-17,0.125,-0.21699999999999994 0,0
24 locator locator3 2.6574835541497558e-17,0.0625,-0.21699999999999994 0,0
25 bone menu -1,0,0,-0.2734,0,1,0,0.25,0,0,-1,-0.2734,0,0,0,1
25 item_display item_test -1,0,0,0,0,1,0,0,0,0,-1,-0.2734,0,0,0,1
25 block_display block_test -1,0,0,0,0,1,0,0,0,0,-1,-0.2734,0,0,0,1
25 text_display text_test 1,0,0,0,0,1,0,0,0,0,1,-0.2734,0,0,0,1
25 bone center -1,0,0,0,0,1,0,0,0,0,-1,-0.2734,0,0,0,1
25 locator locator1 3.348643591418544e-17,0.1875,-0.2734375 0,0
25 locator locator2 3.348643591418544e-17,0.125,-0.2734375 0,0
25 locator locator3 3.348643591418544e-17,0.0625,-0.2734375 0,0
26 bone menu -1,0,0,-0.3255,0,1,0,0.25,0,0,-1,-0.3255,0,0,0,1
26 item_display item_test -1,0,0,0,0,1,0,0,0,0,-1,-0.3255,0,0,0,1
26 block_display block_test -1,0,0,0,0,1,0,0,0,0,-1,-0.3255,0,0,0,1
26 text_display text_test 1,0,0,0,0,1,0,0,0,0,1,-0.3255,0,0,0,1
26 bone center -1,0,0,0,0,1,0,0,0,0,-1,-0.3255,0,0,0,1
26 locator locator1 3.986225331224636e-17,0.1875,-0.32550000000000007 0,0
26 locator locator2 3.986225331224636e-17,0.125,-0.32550000000000007 0,0
26 locator locator3 3.986225331224636e-17,0.0625,-0.32550000000000007 0,0
27 bone menu -1,0,0,-0.3706,0,1,0,0.25,0,0,-1,-0.3706,0,0,0,1
27 item_display item_test -1,0,0,0,0,1,0,0,0,0,-1,-0.3706,0,0,0,1
27 block_display block_test -1,0,0,0,0,1,0,0,0,0,-1,-0.3706,0,0,0,1
27 text_display text_test 1,0,0,0,0,1,0,0,0,0,1,-0.3706,0,0,0,1
27 bone center -1,0,0,0,0,1,0,0,0,0,-1,-0.3706,0,0,0,1
27 locator locator1 4.538081795090412e-17,0.1875,-0.37056250000000013 0,0
27 locator locator2 4.538081795090412e-17,0.125,-0.37056250000000013 0,0
27 locator locator3 4.538081795090412e-17,0.0625,-0.37056250000000013 0,0
28 bone menu -1,0,0,-0.406,0,1,0,0.25,0,0,-1,-0.406,0,0,0,1
28 item_display item_test -1,0,0,0,0,1,0,0,0,0,-1,-0.406,0,0,0,1
28 block_display block_test -1,0,0,0,0,1,0,0,0,0,-1,-0.406,0,0,0,1
28 text_display text_test 1,0,0,0,0,1,0,0,0,0,1,-0.406,0,0,0,1
28 bone center -1,0,0,0,0,1,0,0,0,0,-1,-0.406,0,0,0,1
28 locator locator1 4.972066004538253e-17,0.1875,-0.4059999999999999 0,0
28 locator locator2 4.972066004538253e-17,0.125,-0.4059999999999999 0,0
28 locator locator3 4.972066004538253e-17,0.0625,-0.4059999999999999 0,0
29 bone menu -1,0,0,-0.4292,0,1,0,0.25,0,0,-1,-0.4292,0,0,0,1
29 item_display item_test -1,0,0,0,0,1,0,0,0,0,-1,-0.4292,0,0,0,1
29 block_display block_test -1,0,0,0,0,1,0,0,0,0,-1,-0.4292,0,0,0,1
29 text_display text_test 1,0,0,0,0,1,0,0,0,0,1,-0.4292,0,0,0,1
29 bone center -1,0,0,0,0,1,0,0,0,0,-1,-0.4292,0,0,0,1
29 locator locator1 5.2560309810905465e-17,0.1875,-0.4291875 0,0
29 locator locator2 5.2560309810905465e-17,0.125,-0.4291875 0,0
29 locator locator3 5.2560309810905465e-17,0.0625,-0.4291875 0,0
30 bone menu -1,0,0,-0.4375,0,1,0,0.25,0,0,-1,-0.4375,0,0,0,1
30 item_display item_test -1,0,0,0,0,1,0,0,0,0,-1,-0.4375,0,0,0,1
30 block_display block_test -1,0,0,0,0,1,0,0,0,0,-1,-0.4375,0,0,0,1
30 text_display text_test 1,0,0,0,0,1,0,0,0,0,1,-0.4375,0,0,0,1
30 bone center -1,0,0,0,0,1,0,0,0,0,-1,-0.4375,0,0,0,1
30 locator locator1 5.35782974626967e-17,0.1875,-0.4375 0,0
30 locator locator2 5.35782974626967e-17,0.125,-0.4375 0,0
30 locator locator3 5.35782974626967e-17,0.0625,-0.4375 0,0
31 bone menu -1,0,0,-0.4292,0,1,0,0.25,0,0,-1,-0.4292,0,0,0,1
31 item_display item_test -1,0,0,0,0,1,0,0,0,0,-1,-0.4292,0,0,0,1
31 block_display block_test -1,0,0,0,0,1,0,0,0,0,-1,-0.4292,0,0,0,1
31 text_display text_test 1,0,0,0,0,1,0,0,0,0,1,-0.4292,0,0,0,1
31 bone center -1,0,0,0,0,1,0,0,0,0,-1,-0.4292,0,0,0,1
31 locator locator1 5.2560309810905465e-17,0.1875,-0.4291875 0,0
31 locator locator2 5.2560309810905465e-17,0.125,-0.4291875 0,0
31 locator locator3 5.2560309810905465e-17,0.0625,-0.4291875 0,0
32 bone menu -1,0,0,-0.406,0,1,0,0.25,0,0,-1,-0.406,0,0,0,1
32 item_display item_test -1,0,0,0,0,1,0,0,0,0,-1,-0.406,0,0,0,1
32 block_display block_test -1,0,0,0,0,1,0,0,0,0,-1,-0.406,0,0,0,1
32 text_display text_test 1,0,0,0,0,1,0,0,0,0,1,-0.406,0,0,0,1
32 bone center -1,0,0,0,0,1,0,0,0,0,-1,-0.406,0,0,0,1
32 locator locator1 4.9720660045382535e-17,0.1875,-0.40599999999999997 0,0
32 locator locator2 4.9720660045382535e-17,0.125,-0.40599999999999997 0,0
32 locator locator3 4.9720660045382535e-17,0.0625,-0.40599999999999997 0,0
33 bone menu -1,0,0,-0.3706,0,1,0,0.25,0,0,-1,-0.3706,0,0,0,1
33 item_display item_test -1,0,0,0,0,1,0,0,0,0,-1,-0.3706,0,0,0,1
33 block_display block_test -1,0,0,0,0,1,0,0,0,0,-1,-0.3706,0,0,0,1
33 text_display text_test 1,0,0,0,0,1,0,0,0,0,1,-0.3706,0,0,0,1
33 bone center -1,0,0,0,0,1,0,0,0,0,-1,-0.3706,0,0,0,1
33 locator locator1 4.5380817950904115e-17,0.1875,-0.3705625000000001 0,0
33 locator locator2 4.5380817950904115e-17,0.125,-0.3705625000000001 0,0
33 locator locator3 4.5380817950904115e-17,0.0625,-0.3705625000000001 0,0
34 bone menu -1,0,0,-0.3255,0,1,0,0.25,0,0,-1,-0.3255,0,0,0,1
34 item_display item_test -1,0,0,0,0,1,0,0,0,0,-1,-0.3255,0,0,0,1
34 block_display block_test -1,0,0,0,0,1,0,0,0,0,-1,-0.3255,0,0,0,1
34 text_display text_test 1,0,0,0,0,1,0,0,0,0,1,-0.3255,0,0,0,1
34 bone center -1,0,0,0,0,1,0,0,0,0,-1,-0.3255,0,0,0,1
34 locator locator1 3.986225331224636e-17,0.1875,-0.32550000000000007 0,0
34 locator locator2 3.986225331224636e-17,0.125,-0.32550000000000007 0,0
34 locator locator3 3.986225331224636e-17,0.0625,-0.32550000000000007 0,0
35 bone menu -1,0,0,-0.2734,0,1,0,0.25,0,0,-1,-0.2734,0,0,0,1
35 item_display item_test -1,0,0,0,0,1,0,0,0,0,-1,-0.2734,0,0,0,1
35 block_display block_test -1,0,0,0,0,1,0,0,0,0,-1,-0.2734,0,0,0,1
35 text_display text_test 1,0,0,0,0,1,0,0,0,0,1,-0.2734,0,0,0,1
35 bone center -1,0,0,0,0,1,0,0,0,0,-1,-0.2734,0,0,0,1
35 locator locator1 3.348643591418544e-17,0.1875,-0.2734375 0,0
35 locator locator2 3.348643591418544e-17,0.125,-0.2734375 0,0
35 locator locator3 3.348643591418544e-17,0.0625,-0.2734375 0,0
36 bone menu -1,0,0,-0.217,0,1,0,0.25,0,0,-1,-0.217,0,0,0,1
36 item_display item_test -1,0,0,0,0,1,0,0,0,0,-1,-0.217,0,0,0,1
36 block_display block_test -1,0,0,0,0,1,0,0,0,0,-1,-0.217,0,0,0,1
36 text_display text_test 1,0,0,0,0,1,0,0,0,0,1,-0.217,0,0,0,1
36 bone center -1,0,0,0,0,1,0,0,0,0,-1,-0.217,0,0,0,1
36 locator locator1 2.657483554149756e-17,0.1875,-0.21699999999999997 0,0
36 locator locator2 2.657483554149756e-17,0.125,-0.21699999999999997 0,0
36 locator locator3 2.657483554149756e-17,0.0625,-0.21699999999999997 0,0
37 bone menu -1,0,0,-0.1588,0,1,0,0.25,0,0,-1,-0.1588,0,0,0,1
37 item_display item_test -1,0,0,0,0,1,0,0,0,0,-1,-0.1588,0,0,0,1
37 block_display block_test -1,0,0,0,0,1,0,0,0,0,-1,-0.1588,0,0,0,1
37 text_display text_test 1,0,0,0,0,1,0,0,0,0,1,-0.1588,0,0,0,1
37 bone center -1,0,0,0,0,1,0,0,0,0,-1,-0.1588,0,0,0,1
37 locator locator1 1.9448921978958885e-17,0.1875,-0.15881249999999986 0,0
37 locator locator2 1.9448921978958885e-17,0.125,-0.15881249999999986 0,0
37 locator locator3 1.9448921978958885e-17,0.0625,-0.15881249999999986 0,0
38 bone menu -1,0,0,-0.1015,0,1,0,0.25,0,0,-1,-0.1015,0,0,0,1
38 item_display item_test -1,0,0,0,0,1,0,0,0,0,-1,-0.1015,0,0,0,1
38 block_display block_test -1,0,0,0,0,1,0,0,0,0,-1,-0.1015,0,0,0,1
38 text_display text_test 1,0,0,0,0,1,0,0,0,0,1,-0.1015,0,0,0,1
38 bone center -1,0,0,0,0,1,0,0,0,0,-1,-0.1015,0,0,0,1
38 locator locator1 1.2430165011345652e-17,0.1875,-0.10150000000000015 0,0
38 locator locator2 1.2430165011345652e-17,0.125,-0.10150000000000015 0,0
38 locator locator3 1.2430165011345652e-17,0.0625,-0.10150000000000015 0,0
39 bone menu -1,0,0,-0.0477,0,1,0,0.25,0,0,-1,-0.0477,0,0,0,1
39 item_display item_test -1,0,0,0,0,1,0,0,0,0,-1,-0.0477,0,0,0,1
39 block_display block_test -1,0,0,0,0,1,0,0,0,0,-1,-0.0477,0,0,0,1
39 text_display text_test 1,0,0,0,0,1,0,0,0,0,1,-0.0477,0,0,0,1
39 bone center -1,0,0,0,0,1,0,0,0,0,-1,-0.0477,0,0,0,1
39 locator locator1 5.84003442343394e-18,0.1875,-0.047687499999999994 0,0
39 locator locator2 5.84003442343394e-18,0.125,-0.047687499999999994 0,0
39 locator locator3 5.84003442343394e-18,0.0625,-0.047687499999999994 0,0
40 bone menu -1,0,0,0,0,1,0,0.25,0,0,-1,0,0,0,0,1
40 item_display item_test -1,0,0,0,0,1,0,0,0,0,-1,0,0,0,0,1
40 block_display block_test -1,0,0,0,0,1,0,0,0,0,-1,0,0,0,0,1
40 text_display text_test 1,0,0,0,0,1,0,0,0,0,1,0,0,0,0,1
40 bone center -1,0,0,0,0,1,0,0,0,0,-1,0,0,0,0,1
40 locator locator1 0,0.1875,0 0,0
40 locator locator2 0,0.125,0 0,0
40 locator locator3 0,0.0625,0 0,0
